
 1601  1602 ߹ 6325  6436  7571  7925
 

 1603  1604  1605  1606  1607  1608  1609
 1610  1611  1612  1613  1614  1615  6263
 6440  6441  7040  7208  7451  7733  7945
 8616
 

 1616  1617  1618  1619  1620  1621  1622
 1623  1624  5847  5991  6278  6577  6654
 7281  7907  8038  8786
 

 1625  1626  1627
 

 1628  1629  1630  1631  1632  1633  1634
 1635  1636  5974  6254  6427  6514  6658
 6959  7033  7081  7365  8190  8292  8643
 8701  8773

 1637  1638  1639  1640  1641  1642  1643
 1644  1645  1646  1647  1648  1649  1650
 1651  1652  1653  1654  6056  6135  6517
 6917  7857  8446  8649  8741
 

 1655  1656  1657  1658  1659  1660  1661
 1662  6267  6334  7494
 

 1663  1664  1665  1666  1667  1668  1669
 1670  1671  1672  1673  1674  1675  1676
 1677  5870  5964  7851  8103  8113  8418
 

 1678  1679  1680  1681  1682  1683  1684
 1685  1686  1687  1688  1689  6182  6826
 

 1690  1691  1692  1693  1694  1701  1702
 1703  1704  1705  1706  1707  1708  1709
 1710  1711  1712  6165  7063  7650  8017
 8157  8532  8621
 

 1713  1714  1715  1716  1717  1718  1719
 1720  1721  1722  1723  1724  1725  1726
 1727  5635  5873  5893  6177  6703  7753
 8039  8156  8645  8725
 

 1728  1729  1730  1731  5946  5948  7458
 7928
 

 1732  1733  1734  1735  1736  1737  6452
 7420
 

 1738  1739  1740  1741  1742  1743  1744
 1745  1746  1747  1748  1749  1750  1751
 1752  1753  1754  1755  1756  1757  1758
 1759  6141  1760  1761 ذ 5616  5734  6074
ݩ 6109 ޵ 6221  6333  6357  6589  6656  6725
 6868  6908  6986  6994  7030  7052  7221
 7815  7873  7985  8152  8357  8375  8387
 8416  8437  8547  8734
 

 1762  1763  1764  1765  1766  1767  1768
 1769  1770  1771  1772  1773  5650  5945
 6048  6677  6774  7134  7652  7730  7760
 8125  8159  8289  8354  8693
 

 1774  1775  1776  1777  7027  7084  7228
 7609  7613  7614  7958  7980  8106  8149
 8707  8752
 

 1778  1779  1780  1781  8531
 

 1782  1783  1784  1785  1786  1787  5747
 6557  7145  7167  7336  7375  7587  7957
 8738  8762
 

 1788  1789  1790  1791  1792  1793  1794
 1801  1802  5787  5891  6280
 

 1803  1804  1805  1806  1807  1808  1809
 1810  1811  1812  1813  1814  1815  1816
 1817  1818  1819  1820  1821  5781  6403
 6636  7362  7502  7771  7864  8030  8404
 8543  8559
 

 1822  1823  1824  1825  1826  1827  1828
 1829  1830  1831  1832 ߲ 6318  6945  7419
 7446  7848  7863  8519
 
 
c  ء 

 1833  6474  7769
 

 1834  1835  1836  1837  1838  1839  1840
 1841  1842  1843  1844
 

 1845  1846  1847  1848  1849  1850  1851
 6978  7078  7218  8451  8785
 

 1852  1853  1854  1855  1856
 

 1857  1858  1859  1860  1861  6448  6878
 8309  8429
 

 1862  1863  1864  1865  1866  6692
 

 6515  6825
 

 1867  1868  6465
 

 1869  1870  1871  1872  1873  1874  1875
 1876  1877  1878  1879  6610  6639  6766
 7017  7230  7311  7322  7363  7942  7979
 8135
 

 1880  1881  1882 ٭ 5713  7846  8091  8218
 

 1883  1884  1885  1886  1887  1888  1889
 1890  1891  1892  5770  5838  6159  6660
 6667  6893  6904  6981  7031  7086  7472
 7688  7966  8324  8580
 

 1893  1894  1901  1902  1903  1904  1905
 1906  1907  1908  1909  1910  1911  5686
 5943  6041  6137  6568  6674  6714 6749
 7029  7047  7438  7509  8680
 

 1912  1913  1914  1915  1916  1917  1918
 1919  1920  6687  7443  7644  8173
 

 1921  1922  1923  1924  1925  1926  5969
 7726
 

 1927  1928  1929  1930  1931  1932  1933
 1934  1935  1936  5687  5840  5863  6251
 6433  6923  7201  7320  7755  8619
 

 1937  1938  1939  1940  1941  1942  1943
 1944  1945  1946  1947  1948  1949  1950
 1951 ة 5609  5984  7239  7263  7583  7810
 7881  7885  8146  8241  8508
 

 1952  1953  1954  1955  1956  1957  1958
 1959  1960  1961  1962  1963  1964  1965
 1966  1967  5749  5970 ܯ 6015  6061 ߳ 6319
 6374  6420  6445  6560  6633  7042  7523
 7784  7787  8023  8101  8161  8231  8304
 8355  8388  8489  8556  8746
 

 1968  1969  1970  1971  1972  6091  6671
 6731  7905  8409  8430
 

 1973  1974  1975  1976  1977  1978  1979
 1980  1981  1982  1983  1984 ٱ 5717  6492
 6716  8112  8637
 

 1985  1986  1987  1988  1989  1990  1991
 1992  1993  1994  2001  2002  2003  2004
 2005  2006 ء 5601 ۻ 5927  6680  6732  7109
 7238  7290  7343  8150  8260  8573  8777
 

 2007  6285  6408  6460  7590  8563
 

 2008  2009  2010  2011  2012  2013  2014
 6622  6955  7161  7516  7843  8413
 

 2015  2016  2017  2018  2019  2020 6675
 

 2021  2022  2023  2024  2025  5879  7302
 7319
 

 2026  2027  2028  2029  2030  2031  2032
ݻ 6127  8040  8277
 

 2033  2034  7401  8554  8626
 

 2035  2036  2037  2038  2039  2040  2041
 2042  2043  2044  2045  2046  6075  6358
 7684  8043  8457
 

 2047  2048  2049  2050  2051  2052  6042
 6840  7085  7193  7214  7240
 

 2053  7308  7403  7577
 

 2054  2055  2056  2057  6193  6562  6607
 7367  8501  8530  8577
 

 2058  2059  2060  5764 ߥ 6305  7664 7973
 

 2061  2062  2063  2064  2065  2066  2067
 2068  6145  6393  6718  7213  7333  7505
 8631
 

 2069  2070  2071  6666  8169
 

 2072  2073  2074  2075  2076  2077  5640
 6547  7566  7917  7983  8078  8526  8567
 
 
d  ء 

 2078  2079  2080  2081  2082  2083  6239
 6353  6410  6682  7007  7719  8067  8155
 8346  8716  8718
 

 2084  2085  2086  2087  2088  2089  2090
 2091  2092  2093  2094  2101 ܤ 6004 ߰ 6316
߾ 6330  6523  6942  7070  7110  7173  8776
 

 2102  2103  2104  2105  2106  2107  2108
 2109  2110  2111  2112  2113  2114  2115
 2116  5757  6144  6402  6903  7373  7470
 7781  8087  8185  8376
 

 2117  2118  2119  2120  2121  5852  5942
 6148  6920  7724  8141
 

 2122  2123  2124  2125  2126  2127  2128
 2129  2130  2131  2132  2133 ߶ 6322  6665
 7514  7666  8478
 

 2134  2135  2136  7929
 

 2137  2138  2139  2140  2141  2142  2143
 6466  6556  7413  7767  7975  8403
 

 2144  2145  2146  2147  2148  2149  2150
 2151  2152  2153  2154  2155  2156  2157
 2158  2159  2160  2161  2162 ص 5621  5765
ڮ 5814  5848 ۡ 5901 ݶ 6122  6454  7023  7260
 7306  7475  7738  7758  7791  7965  8438
 8730
 

 6439
 

 2163  2164  2165  2166  2167  2168  2169
 2170  2171  7172  2173  2174  2175  2176
 2177  2178  5871  5967  6559  7172  7868
 8116  8118  8401  8558
 

 2179  2180  2181  2182  2183  2184  2185
 2186  2187  7886  7902  8585  8684
 

 2188  2189  2190  2191  2192  2193  2194
 5976 ܦ 6006  6273  6409  7526  8012  8183
 8562  8688
 

 2201  2202  2203  2204  2205  2206  2207
 2208  2209  5674  6404  7164  7575  7754
 7814  7890  8059  8184  8490
 

 2210  7891
 

 2211  2212  2213  2214  2215  2216  2217
 2218  2219  2220  5977  6343  6520  6528
 7517  7543  7556  7747  8020
 

 2221  2222  2223  2224  2225  2226  2227
 6190  8128  8229  8391
 

 2228  2229  2230  2231  2232  2233  2234
 2235  2236  2237  2238  2239  2240  2241
 2242 ܶ 6022  6429  6834  7292  7525  8328
 8338  8739  8782
 

 2243  2244  2245  2246  2247  2248  7318
 7649  8393
 

 2249  2250  2251  2252  7701  7713  7752
 7970
 

 2253  2254  2255  2256  2257  2258  2259
 2260  2261  6771  7632  7727  7766  7779
 8527
 

 2262  2263  2264  2265  2266  2267  2268
 2269  2270  2271  2272  2273  6345  6365
 6785  7122  7262  7876  8154  8566
 

 2274  2275  2276  2277  2278  2279  2280
 2281  2282  2283  2284  2285  2286 ج 5612
 5844  5949  6035 ݭ 6113  6164  6332  6721
 6753  6977  7025  7378  7581  7916  7941
 8042  8206  8689
 

 5832
 

 2287  6176  6284
 

 2288  2289  2290  2291  2292  2293  2294
 2301 ٦ 5706  6939  7177  7879  8025  8660
 
 
f  ء 

 2302  2303  2304  2305  2306  2307  2308
 2309  5950  7732
 

 2310  2311  2312  2313  2314  2315  2316
 2317  2318  2319  2320  2321  2322  2323
 2324  2325  2326 ެ 6212  6232  6506  7283
 7660  7818  8576
 

 2327  2328  2329  2330  2331  2332  2333
 2334  2335  2336  2337  5890  6561  7242
 7853  8419  8648
 

 2338  2339  2340  2341  2342  2343  2344
 2345  2346  2347  2348  2349  6032  6584
 6713  6839  6990  7119  7328  7572  7619
 7673  7948  8082  8267  8385  8468  8613
 8678
 

 2350  2351  2352  2353  2354  2355  2356
 2357  2358  2359  2360  2361  2362  2363
 2364  5739  6915  7291  8687  8787
 

 2365  2366  2367  2368  2369  2370  2371
 2372  2373  2374  2375  2376  2377  2378
 2379 ٺ 5726 ۺ 5926  6155  6384  6767  7731
 

 2380
 

 2381  8330
 

 2382  2383  2384  2385  2386  2387  2388
 2389  2390  2391  2392  2393  2394  2401
 2402  2403  2404  2405  2406  2407  2408
 2409  2410  2411  2412  2413  2414  2415
 2416  2417  2418  2419  2420  2421  2422
 2423  2424  2425  2426  2427  2428  2429
 2430  2431  2432  5775  5776 ۮ 5914 ܽ 6029
 6062  6082 ݳ 6119  6142  6252 ߻ 6327  6505
 6686  6870  6985  7058  7066  7106  7108
 7285  7471  7680  7741  7774  7775  7823
 7991  8005  8222  8261  8280  8283  8479
 8535  8538  8654  8691
 
 
g  ء 

 2433  2434 ٤ 5704  6246  7056  7057  7424
 7837
 

 2435  2436  2437  2438  2439  2440 ؤ 5604
 5875  5982  7414  7464
 

 2441  2442  2443  2444  2445  2446  2447
 2448  2449  2450  2451  5965  6053  6247
ߦ 6306  6779  6838  6887  7104  7347  7426
 7723  8065  8491
 

 2452  2453  2454  2455  2456  2457  2458
 2459  2460  7716  7824  8364
 

 2461  2462  2463  2464  2465  2466  2467
 2468  2469  2470 غ 5626 ھ 5830 ۬ 5912 ޻ 6227
 7141  7332  7334  7429  7915
 

 2471  2472  2473  2474  2475  2476  2477
 2478  2479  2480  2481  2482  2483  2484
 2485  2486  2487 ت 5610  5678  5933  5957
ܪ 6010  6435  7092  7501  7585  7749  7951
 8143  8220  8420  8732
 

 2488
 

 2489  2490 ب 5608 ݢ 6102  6371  8462
 

 2491  2492  2493  2494  2501  2502  2503
 6376  6657  7114  8665
 

 2504  2505  2506  2507  2508  2509  2510
 2511  2512  2513  2514  2515  2516  2517
 2518  7178  7537  8228  8601
 

 2519  2520  2521  2522  2523  2524  2525
 2526  2527  5694 ڸ 5824  6524  6960  7037
 7135  7259  7477  7616  8349  8384  8724
 

 2528  2529  2530  2531  2532  2533  2534
 2535  2536  2537  2538  2539  2540  2541
 2542  2543  2544  2545  5637 ڬ 5812  6152
 6341  6536  6773  7284  7379  7484  7486
 7591  7617  7813  7825  7860  7932  8019
 8032  8083  8233  8494  8593  8681  8729
 

 2546  2547  2548  2549  2550  2551  5652
ڴ 5820  7273  7550  8027
 

 2552  2553  2554  6266
 

 2555  2556  2557  2558  2559  2560  2561
 2562  2563  2564  2565  5736 ݸ 6124  6272
 6842  7834  8057  8170  8704
 

 2566  2567  2568  6359  6578  7270  7555
 

 2569  2570 2571  2572  2573  2574  2575
 2576  2577  2578  2579  2580  2581  2582
 2583  2584  5648  5659  6649  6919  7003
 7277  7433  7448  8007  8394 8657  8712
 

 2585  2586  2587  5782  7121  7762  8671
 

 2588  2589  2590  2591  2592  2593  5769
 5986  6335  6494  6538  6603  7304  7529
 8188  8268  8269
 
 
h  ء 

 2594  7894
 

 2601  2602  2603  2604  2605  2606  2607
 6443  7560  8516
 

 2608  2609  2610  2611  2612  2613  2614
 2615  2616  2617  2618  2619 2620  2621
 2622  2623  2624  2625  2626  5885  6153
 6294  6911  7447  7642  8192  8205  8232
 8793
 

 2627  2628  2629  6776  7112  8194
 

 2630  2631  2632  2633  2634  2635  2636
 2637  2638 6179 ޶ 6222  6438  6467  6909
 6916  7427  8009  8211  8226
 

 2639  2640  2641  2642  2643  2644  2645
 2646  2647  2648  2649  2650  2651  2652
 2653  2654  2655  2656 ڭ 5813  5932  5954
 6432  6756  7434  7833  8202  8471
 

 2657  2658
 

 2659  2660  2661  2662
 

 2663  2664  2665  2666  2667 ޿ 6231  7181
 7276
 

 2668  2669  2670  2671  2672  2673  2674
 2675  2676  5768  5774 ڧ 5807 ݦ 6106 ޮ 6214
ް 6216  6740  6792
 

 2677  2678  2679  2680  2681  2682  2683
ܩ 6009  6565  6943  8090  8383  8455  8655
 8731
 

 2684  2685  2686  2687  2688  2689  2690
 2691  2692  2693  2694  2701  2702  2703
 2704  2705  2706  2707  5792  6392  6481
 6518  6609  6679  6717  6816  6879  7190
 7346  7385  7618  7635  7646  7670  7672
 7679  8013  8041  8055  8343  8513  8590
 

 2708  2709  2710  2711  2712  2713  2714
 2715  2716  7072  7275  7725  7892
 

 2717  2718  2719  2720  2721  8555
 

 2722  2723  2724  2725  2726  2727  2728
 2729  2730  2731  2732  2733  2734  2735
ۨ 5908 ۼ 5928  6140 ߧ 6307  6487  6621  6801
 6829  6881  6930  6953  7157  7944  8673
 8763
 

 2736  2737  2738  2739  2740  2741  2742
 2743  2744  2745  2746  2747  2748  2749
 5882  6569  6850  6874  6956  7211  7533
 8105  8308  8382  8692
 

 2750  2751  2752  2753  2754  2755  2756
 2757  2758  2759  2760  2761  2762  2763
 2764  2765  2766  2767  2768  2769  2770
ڶ 5822  6078  6086 ޥ 6205  6352  6360  6425
 6736  6807  6811  6971  7132  7185  7445
 7703  8219  8319  8766
 

 2771  2772  2773  2774  2775  2776 ڻ 5827
 6638  6752  6867
 

 2777  2778  2779  2780  2781  2782  2783
 2784  2785  2786  5669 ޽ 6229 ߫ 6311  6475
 6623  7856  7933  7976  8175  8322
 
 
i  ء 
û 
j  ء 

 2787  2788  2789  2790  2791  2792  2793
 2794  2801  2802  2803  2804  2805  2806
 2807  2808  2809  2810  2811  2812  2813
 2814  2815  2816  2817  2818  2819  2820
 2821  2822  2823  2824  2825  2826  2827
 2828  2829  2830  2831  2832  2833  2834
 2835  2836  2837  2838  2839  2840  2841
 2842  2843  2844  2845 آ 5602 ؽ 5629  5632
 5662 ٥ 5705  5742 ڵ 5821  5952 ܸ 6024  6033
 6089  6180 ު 6210  6265 ߴ 6320  6350  6366
 6383  6507  6553  6809  6976  7087  7160
 7165  7314  7374  7410  7411  7473  7487
 7620  7722  7831  7990  8002  8104  8217
 8337  8339  8463  8550  8553  8611  8661
 8674  8757  8768
 

 2846  2847  2848  2849  2850  2851  2852
 2853  2854  2855  2856  2857  2858  2859
 2860  2861  2862 ۣ 5903  6171  6521  6804
 6940  7176  7409  7546  7702  7882  7956
 8072  8093  8142  8244  8353  8434  8542
 

 2863  2864  2865  2866  2867  2868  2869
 2870  2871  2872  2873  2874  2875  2876
 2977  2878  2879  2880  2881  2882  2883
 2884  2885  2886  2887  2888  2889  2890
 2891  2892  2893  2894  2901  2902  2903
 2904  2905  2906  2907  2908  5752  5841
 5857  6149  6183  6286  6478  6853  6931
 6932  7144  7237  7305  7407  7415  7480
 7489  7506  7576  7790  7921  8047  8148
 8340  8469  8534  8561  8668  8721
 

 2909  2910  2911  2912  2913  2914  2915
 2916  2917  2918  2919  2920  2921  6092
 6814  7113  7154  7481  7768  8180  8461
 8488
 

 2922  2923  2924  2925  2926  2927  2928
 2929  2930  2931  2932  2933  2934  2935
 2936  2937  2938  2939  2940  2941  2942
 2943  2944  2945  2946  2947  2948  2949
ٮ 5714  5753 ܴ 6020  6090  6256  6461  6529
 6572  6848  7015  7524  8008  8052  8252
 8520  8551  8662
 

 2950  2951  2952  2953  2954  2955  2956
 2957  2958  2959  2960  2961  2962  2963
 2964  2965  2966  2967  2968  2969  2970
 2971  2972  2973  2974  2975  2976  6255
 6414  6421  7028  7061  7278  7757 ڦ 5806
 8060  8201  8227  8441  8658  8726
 

 2977  2978  2979  2980  2981  2982  2983
 2984  2985  2986  2987  2988  2989  2990
 2991  2992  2993  2994  3001  3002  5865
ݣ 6103  6132  6468  6643  6659  7001  7138
 7210  7340  7465  7478  8138
 

 3003  3004  3005  3006  3007  3008  3009
 3010  3011  3012  3013  3014  3015  3016
 3017  3018  3019  3020  3021  3022  3023
 3024  3025  3026  3027  5657  5751  5869
ݼ 6128  6616  6729  6794  6941  6982  7026
 7534  7554  7570  7626  8606
 

 3028  3029  6936  7671
 

 3030  3031  3032  3033  3034  3035  3036
 3037  3038  3039  3040  3041  3042  3043
 3044  3045  3046  5754  6417  6746  7249
 7274  8015  8053  8481  8761
 

 3047  3048  3049  3050  3051  3052  3053
 3054  3055  3056  3057  3058  3059  3060
 3061  3062  3063  3064  3065  3066  3067
 3068  3069  3070  3071  5738 ڪ 5810  6036
 6058  6076  6268  6965  6980  7202  7307
 7316  7323  7357  7488  7611  7850  7924
 8132  8153  8482  8522  8565  8620  8634
 8636  8722
 

 3072  3073  3074  3075  3076  3077  3078
۲ 5918  6590  6824  7280  7835  7935  7952 
 8633
 

 3079  3080  3081  3082  3083  3084  3085
 3086  3087  3088  5642  5667  5860  5939
ާ 6207  6457  6469  6540  6617  7062  7169
 7286  7351  7663  7967  8574  8591
 

 3089  3090  3091  3092  3093  3094  3101
 3102  3103  3104  3105  6260  8168  8362
 8769
 
 
k  ء 

 3106  3107  3108  3109  5691  6339  7544
 

 3110  3111  3112  3113  3114  5660  5978
 6160  6673  6693  7888  7920  7939
 

 3115  3116  3117  3118  3119  3120 ٩ 5709
ݨ 6108  6759  7412  7772  7811
 
a
 3121  3122  3123  3124  3125  3126  3127
 5688  6742  7854
 

 3128  3129  3130  3131  6974  7264  7491
 7877
 

 3132  3133  3134  3135  3136  3137  3138
 3139  3140  3141  3142  3143  3144  3145
 3146  6430  6519  6701  6859  7076  7128
 7170  7380  7520  7807  7861  7930  7993
 8066  8129  8204  8234  8282  8733
 

 3147  3148  3149  3150  8144
 

 3151  3152  7912
 

 3153  3154  3155  3156  5737  6539  8377
 

 3157  3158  3159  3160  6050 ޢ 6202 ߵ 6321
 7778  8356
 

 3161  3162  3163  3164  3165  3166  3167
 5658 ܥ 6005  6423  7111  8728
 

 3168  3169  3170  3171  3172 ٨ 5708
 

 3173  3174  3175  3176  5665 ۦ 5906  6364
 6586  7558
 

 3177  3178  8737
 

 3179  3180  3181  3182  3183  3184  3185
 3186 ڲ 5818 ڿ 5831  5887  5959  6237  6349
 6477  7094  7460
 

 3187  3188  3189  3190  3191  3192  3193
 3194  3201  3202  3203 ظ 5624  5649  5771
 5883  6162  6281  6413  6416  6706  6720
 6951  7450  7805  8189  8281  8381  8545
 

 3204  3205  3206  3207  6707  6745  7191
 7931  8511  8679  8753
 

 3208  3209  3210  3211  8250
 
 
l  ء 

 3212  3213  3214  3215  3216  3217  3218
 5661  6969  7425  7739  8088
 

 3219  3220  3221  6533  6566  6821  6894
 7467  7469  7789  7910  8114  8405
 

 3222  3223  3224  3225  3226  3227  3228
 3229  3230  3231  3232  3233  3234  3235
 3236  6516  6877  7313  7621  7829  7971
 8160
 

 3237  3238  3239  3240  3241  3242  3243
ݹ 6125  6185  6405  6747  7922  7992 8275
 

 3244  3245  3246  3247  3248  3249  3250
 3251  3252  6375  6532  7265  7878  7909
 8076  8176  8518
 

 3253  3254  5676 ߷ 6323  6778  8706
 

 3255  3256  3257  3258  3259  3260  3261
 3262  3263  3264  3265  5790 ڳ 5819  6447
 7048  7148  7359  8171  8510
 

 3266  3267  3268 ܨ 6008  6722
 

 3269  3270  3271  3272  3273  3274  3275
 3276  3277  3278  3279  3280  3281  3282
 3283  3284  3285  3286  3287  3288  3289
 3290  3291  3292  3293  3294  3301  3302
 3303  3304  3305  3306  3307  3308 ٳ 5719
ٵ 5721 ۪ 5910  5962  6034 ݰ 6116  6181 ޼ 6228
߿ 6331  6406  6412  6591  6864  6902  6946
 7018  7043  7074  7142  7232  7261  7386
 7669  7734  7826  7830  7914  8031  8061
 8063  8235  8259  8327  8350  8386  8447
 8523  8540  8608  8666  8715  8783
 

 3309
 

 3310  3311  3312  3313  3314  3315  3316
 3317  3318  3319  3320  3321  3322  3323
 6192  6238  6882  6905  7186  7312  7371
 7601  8145  8147  8325  8667
 

 3324  3325  3326  3327  3328  3329  3330
 3331  3332  3333  3334 ܮ 6014  7303  8552
 8743
 

 3335  3336  3337  3338  3339  3340  3341
 3342  3343  3344  3345  3346  3347 ޤ 6204
 6245  6458  6618  6928  7152  7841  8051
 

 3348  3349  3350  3351  3352  5793  5988
 6270  6354  6803  8483  8581  8764
 

 3353  3354  3355  3356  3357  3358  3359
 3360  3361  3362  3363  6194  6388  6555
 6662  6733  6964  7361  7405  7602  7812
 8452  8579  8775
 

 3364  3365  3366  3367  3368  3369  3370
 3371  3372  3373  3374  3375  3376  3377
 3378 ۹ 5925  6063  6342  6482  6786  7117
 7258  7289  7418  8186  8240  8465  8676
 

 3379  3380  3381  3382  3383  3384  3385
 3386  3387  3388  3389  6815  6962  7082
 7124  7628  7654  7919  7954  8050  8644
 

 3390  3391  3392  3393  3394 ¡ 3401 ¢ 3402
£ 3403 ¤ 3404  5966  6055  6781  7171  7248
 7542  7735  8110
 

¥ 3405 ¦ 3406 § 3407 ¨ 3408 © 3409 ª 3410  5745
 6168  6422  6548  7946  8092  8179  8287
 8735
 

« 3411 ¬ 3412 ­ 3413 ® 3414 ¯ 3415 ° 3416 ± 3417
² 3418 ³ 3419 ´ 3420 µ 3421 ¶ 3422 · 3423 ¸ 3424
¹ 3425 º 3426 » 3427 ¼ 3428 ½ 3429 ¾ 3430  5968
ߣ 6303  6464  6782  6843  6885  6954  7220
 7251  7354  7381  7391  7404  7510  7545
 7969  8021  8056  8392  8421  8652
 

 3445  3446  3447  3448  3449  3450  5785
 7014  7279  8029  8639
 

 3453  3454  3455  3456  3457  3458  3459
 6480
 

 3460  3461  3462  3463  3464  3465  3466
 3467  3468  3469  3470  3471  5732  5789
 6093  6291  6604  6788  6880  7183  7301
 7565  7961  8107  8635
 
쨹
¿ 3431  3432  3433  3434  3435  3436  3437
 3438  3439  3440  3441  3442  3443  3444
 6259  6744  7321  7586  7989  8158
 
쨹
 3451  3452  7918
 
 
m  ء 

߼ 6328
 

 3472  3473  3474  3475  3476  3477  3478
 3479  3480  6579  7231  8301
 

 3481  3482  3483  3484  3485  3486 ۽ 5929
ݤ 6104  6373  8618
 

 3487  3488  3489  3490  3491  3492  3493
 3494 á 3501 ܬ 6012  6503  7147  7655  7960
 8209  8293  8709  8720
 
 

â 3502 ã 3503 ä 3504 å 3505 æ 3506 ç 3507  5888
 6861  7743  8294
 

è 3508 é 3509 ê 3510 ë 3511 ì 3512 í 3513 î 3514
ï 3515 ð 3516 ñ 3517 ò 3518 ó 3519  5783  6066
 6525  6787  7203  7436  7483  7503  7624
 7714  7806  8290  8317  8754
 

ô 3520 8765
 

õ 3521 ö 3522 ÷ 3523 ø 3524 ù 3525 ú 3526 û 3527
ü 3528 ý 3529 þ 3530 ÿ 3531  3532  3533  3534
 3535  3536 ݮ 6114  6550  6613  6828  6856
 7325  7949  8044  8139  8740
 

 3537  3538  3539  6249  7643  7715  7845
 

 3540  3541  3542  3543  3544  3545  3546
 3547  5934  6189 ޫ 6211  6734  7592  7770
 8221  8276  8323  8427  8431
 

 3548  3549  3550  3551  3552  3553  3554
 3555  3556  3557  3558  3559  3560  3561
 5634  5855  6234  6235  6368  6455  6608
 6772  6921  6984  7563  7682  8445  8473
 8767  8771
 

 3562  3563  3564  3565  3566  3567  3568
 3569  3570  6770  6837  6847  7579  7777
 8628
 

 3571  3572  3573  3574  3575  3576  3577
 3578  6387  6967  7131  7149  7234  7721
 7780  8037
 

 3579  3580 ؿ 5631  6367  8326  8390
 

 3581  3582  3583  3584  3585  3586  6069
 6526  6741  6793  7137  7168  7175  7710
 8710
 

 3587  3588  3589  3590  3591  3592 ڤ 5804
 6088  6873  7452  7808  8504
 

 3593
 

 3594 ġ 3601 Ģ 3602 ģ 3603 Ĥ 3604 ĥ 3605 Ħ 3606
ħ 3607 Ĩ 3608 ĩ 3609 Ī 3610 ī 3611 Ĭ 3612 ĭ 3613
Į 3614 į 3615 İ 3616  5851  6052  6175  6641
 7038  7054  7366  7950  7987  8102  8182
 8586  8588
 

ı 3617 Ĳ 3618 ĳ 3619 ٰ 5716  6372  7788  8254 
 8642
 

Ĵ 3620 ĵ 3621 Ķ 3622 ķ 3623 ĸ 3624 Ĺ 3625 ĺ 3626
Ļ 3627 ļ 3628 Ľ 3629 ľ 3630 Ŀ 3631  3632  3633
 3634  5679  5793  6057  6769  7504  7866
 
 
n  ء 

 6437
 

 3635  3636  3637  3638  3639  3640  3641
 6264  7539  7953  8136
 

 3642  3643  3644  3645  3646 ؾ 5630 ܵ 6021
 6133  7245
 

 3647  3648  3649  6411  6479  7310  7578
 8279  8486
 

 3650 ߭ 6313  6476  6646  7457
 

 3651  3652  3653  3654  3655 ث 5611  5981
 6346  6614  7207  7748  7883  8245
 

 3656 ګ 5811
 

 3657  3658
 

 3659  7705
 

 3660
 

 3661  3662  3663  3664  3665  3666  3667
 3668  3669  3670  3671 ٣ 5703  5972  6605
 6685  7439  7627  7794  7874  8682
 

 3672  3673  3674  3675  3676  3677  3678
إ 5605  5994  7393  8004  8651  8683
 

 3679  3680
 

 3681  3682  6064  7053  7569  8433
 

 3683  3684  3685  3686  3687  3688  3689
 5877  6233  6431  8208  8411  8570
 

 3690
 

 3691  3692  3693  3694 š 3701 Ţ 3702  5690
 6344  6924  8187
 

ţ 3703 Ť 3704 ť 3705 Ŧ 3706  6580  6678  7004
 

ŧ 3707 Ũ 3708 ũ 3709 Ū 3710 ٯ 5715  6370
 

 8181
 

ū 3711 Ŭ 3712 ŭ 3713  6983  7032  7059  7069
 

ů 3715
 

Ų 3718 ų 3719 Ŵ 3720 ŵ 3721  5748  6289  6386
 7927
 

Ů 3714  7704  7847  8412
 

Ű 3716 ű 3717
 
 
o  ء 

Ŷ 3722  6462
 

ŷ 3723 Ÿ 3724 Ź 3725 ź 3726 Ż 3727 ż 3728 Ž 3729
ک 5809  6670  7417  8178
 
 
p  ء 

ž 3730 ſ 3731  3732  3733  3734  3735  6166
 7243  8365
 

 3736  3737  3738  3739  3740  3741 ٽ 5729
 6169  6363
 

 3742  3743  3744  3745  3746  3747  3748
 3749  6253  6761  6790  8140  8165  8320
 8571
 

 3750  3751  3752  3753  3754  6872  6944
8306
 

 3755  3756  3757  3758  3759  3760  3761
 6243  6583  6650  7567  8069
 

 3762  3763  3764  3765  3766  3767  3768
 3769  3770  6446  6490  7623  7934  8512
 8612
 

 3771  3722  6852
 

 3773  3774  3775  3776  3777  3778  3779
 3780  3781  3782  3783  3784  3785  3786
ܡ 6001  6456  6681  8318
 

 3787  3788  3789  3790  3791  3792  3793
 3794 ơ 3801 Ƣ 3802 ƣ 3803 Ƥ 3804 ƥ 3805 Ʀ 3806
Ƨ 3807 ƨ 3808 Ʃ 3809 ا 5607  5682  5880  5892
ۯ 5915  5960  5993 ܱ 6017  6037 ߨ 6308  6472
 6647  6836  7039  7102  7233  7422  7802
 7828  7875  8117  8223  8271  8589
 

ƪ 3810 ƫ 3811 Ƭ 3812 ƭ 3813  5850  7073  7490
 7561  8470  8568
 

Ʈ 3814 Ư 3815 ư 3816 Ʊ 3817  5666  6449  7046
 7146  7372  7809  8310
 

Ʋ 3818 Ƴ 3819  6054  7513
 

ƴ 3820 Ƶ 3821 ƶ 3822 Ʒ 3823 Ƹ 3824  7016  7041
 7315  7482  8213  8214
 

ƹ 3825 ƺ 3826 ƻ 3827 Ƽ 3828 ƽ 3829 ƾ 3830 ƿ 3831
 3832  3833 ٷ 5723  7019  7250  8650
 

 3834  3835  3836  3837  3838  3839  3840
 3841  5647 ۶ 5922  7174  7423  7839  7862
 8011  8345
 

 3842  5786  6269
 

 3843  3844  3845  3846  3847  3848  3849
 3850  3851  3852  3853  3854  3855  3856
 3857  5773  6459  6863  6907  7217  7511
 7968  7972  8575
 
q  ء 

 3858  3859  3860  3861  3862  3863  3864
 3865  3866  3867  3868  3869  3870  3871
 3872  3873  3874  3875  3876  3877  3878
 3879  3880  3881  3882  3883  3884  3885
 3886  3887  3888  3889  3890  3891  3892
 3893  5633 ٹ 5725  5963 ܻ 6027  6046 ݽ 6129
 6134  6161 ޭ 6213  6450  6508  6510  6764
 6831  7075  7118  7187  7189  7229  7271
 7342  7440  7605  7687  7712  7751  8193
 8251  8264  8475  8476  8572  8702  8772
 

 3894 ǡ 3901 Ǣ 3902  6154  8736
 

ǣ 3903 Ǥ 3904 ǥ 3905 Ǧ 3906 ǧ 3907 Ǩ 3908 ǩ 3909
Ǫ 3910 ǫ 3911 Ǭ 3912 ǭ 3913 Ǯ 3914 ǯ 3915 ǰ 3916
Ǳ 3917 ǲ 3918 ǳ 3919 Ǵ 3920 ǵ 3921 Ƕ 3922 Ƿ 3923
Ǹ 3924 ٻ 5727  5761  5868 ܷ 6023  6045  6071
ݡ 6101  6271  6509  6705  6727  6925  6926
 6929  7155  7293  7541  7709  7852  8373
 8760
 

ǹ 3925 Ǻ 3926 ǻ 3927 Ǽ 3928 ǽ 3929 Ǿ 3930 ǿ 3931
 3932  6762  7045  7341  7408  7633  7926
 7947  7974  8163  8262  8439  8536
 

 3933  3934  3935  3936  3937  3938  3939
 3940  3941  3942  3943  3944  3945  3946
 3947  5668 ڽ 5829  5859  6081  6724  6730
 7156  7352  7745  8546  8719
 

 3948  3949  3950  3951  3952 ۧ 5907  6711
 7010  7492  7938  8370
 

 3953  3954  3955  3956  3957  3958  3959
 3960  3961  3962  3963  6043  6276  6336
 6426  6463  6858  7353  7923  8191  8291
 8432
 

 3964  3965  3966  3967  3968  3969  3970
 3971  3972  3973  3974  3975  3976  6060
 6485  7349  7764  8263  8332  8368  8605
 8675  8784
 

 3977  3978  5886  6068  8123  8243  8528
 8638
 

 3979  3980  3981  3982  3983  3984  3985
 3986 ٴ 5720  5947  6576  6947  6957  7317
 7468  8216  8239  8288  8435  8460  8690
 8792
 

 3987  3988  3989  3990  3991  3992  3993
 3994 ȡ 4001 Ȣ 4002 ȣ 4003 Ȥ 4004 ȥ 4005 ڰ 5816
۾ 5930 ޡ 6201 ޾ 6230  6511  6573  6754  7219
 7479  7512  7552  7678  7765  8022  8119
 8248  8329  8480  8781
 

Ȧ 4006 ȧ 4007 Ȩ 4008 ȩ 4009 Ȫ 4010 ȫ 4011 Ȭ 4012
ȭ 4013 Ȯ 4014 ȯ 4015 Ȱ 4016 ڹ 5825  6085  6710
 7125  7390  7816  7893  8273  8360
 

ȱ 4017 Ȳ 4018 ȳ 4019 ȴ 4020 ȵ 4021 ȶ 4022 ȷ 4023
ȸ 4024  6755  6758  7708
 

ȹ 4025 Ⱥ 4026  6950
 
 
r  ء 

Ȼ 4027 ȼ 4028 Ƚ 4029 Ⱦ 4030  6059  8237  8755
 

ȿ 4031  4032  4033  4034  4035  7692  8006
 

 4036  4037  4038  6073  7012  7267
 

 4039  4040
 

 4041  4042  4043  4044  4045  4046  4047
 4048  4049  4050  5680  6083  6156  6631
 7377  7994  8137
 

 4051  4052
 

 4053
 

 4054  4055  4056  4057  4058  4059  4060
 4061  4062  4063  6541  6585  7337  7532
 8278
 

 4064  4065  4066  8459  8569  8723
 

 4067  4068 ų 4069  4070  4071  4072  4073
 4074  4075  4076  6174 ޸ 6224  6473  6818
 6865  6906  7140  7908  8164  8212
 

 4077  4078  7535
 

 4079  4080  4081  6039 ި 6208  7236  7803
 8224
 

 4082  4083
 

 4084  4085 ټ 5728  8372
 
 
s  ء 

 4086  4087  4088 ئ 5606  5677  7493  7559
 7610
 

 4089  4090  4091  4092  6471
 

 4093  4094 ɡ 4101 ɢ 4102  6644  7507  8454
 

ɣ 4103 ɤ 4104 ɥ 4105  6290  7763  8210
 

ɦ 4106 ɧ 4107 ɨ 4108 ɩ 4109 ܣ 6003  7150  7593
 8094  8694
 

ɪ 4110 ɫ 4111 ɬ 4112  5636  7904  8003
 

ɭ 4113
 

ɮ 4114
 

ɯ 4115 ɰ 4116 ɱ 4117 ɲ 4118 ɳ 4119 ɴ 4120 ɵ 4121
ɶ 4122 ɷ 4123  6394  7606  7901  8080  8436
 8614  8672
 

ɸ 4124 ɹ 4125  8507
 

ɺ 4126 ɻ 4127 ɼ 4128 ɽ 4129 ɾ 4130 ɿ 4131  4132
 4133  4134  4135  4136  4137  4138  4139
 4140  4141 ڨ 5808 ۷ 5923  5979  6047  6890
 7009  7051  7083  7594  7844  8062  8321
 8414  8539  8713
 

 4142  4143  4144  4145  4146  4147  4148
 4149  5980  7120  7368  7656  8592
 

 4150  4151  4152  4153  4154  4155  4156
 4157  4158  4159  4160 ۿ 5931  6070  6891
 8257  8366  8425
 

 4161  4162  4163  4164  4165  4166  4167
 4168  4169  4170  4171  4172  5639  5760
 6606  6860  7608  7820  8774
 

 4173  4174  4175  4176  4177  4178  4179
 4180  4181  4182  4183  4184  4185  4186
 4187  4188 ڷ 5823  5837 ݷ 6123  6351  6841
 7309  7547  7982  8255
 

 4189  4190  4191  4192  4193  4194 ʡ 4201
ʢ 4202 ʣ 4203 ʤ 4204 ʥ 4205  6551  7441  7782
 8347
 

ʦ 4206 ʧ 4207 ʨ 4208 ʩ 4209 ʪ 4210 ʫ 4211 ʬ 4212
ʭ 4213 ʮ 4214 ʯ 4215 ʰ 4216 ʱ 4217 ʲ 4218 ʳ 4219
ʴ 4220 ʵ 4221 ʶ 4222 ʷ 4223 ʸ 4224 ʹ 4225 ʺ 4226
ʻ 4227 ʼ 4228 ʽ 4229 ʾ 4230 ʿ 4231  4232  4233
 4234  4235  4236  4237  4238  4239  4240
 4241  4242  4243  4244  4245  4246  4247
 4248  4249  4250  4251  4252  5854  5985
ݪ 6110  6173 ߱ 6317  7388  7459  7634  7870
 8307  8334  8363  8525  8669  8685
 

 4253  4254  4255  4256  4257  4258  4259
 4260  4261  4262  6587  7123  8428
 

 4263  4264  4265  4266  4267  4268  4269
 4270  4271  4272  4273  4274  4275  4276
 4277  4278  4279  4280  4281  4282  4283
 4284  4285  4286  4287  4288  4289  4290
 4291  4292  4293  4294 ˡ 4301 ٿ 5731  5951
 6136  6283  6780  6888  7013  7103  7508
 7582  7615  7988
 

ˢ 4302 ˣ 4303  6407
 

ˤ 4304 ˥ 4305 ˦ 4306 ˧ 4307  8316
 

˨ 4308 ˩ 4309  6737  6844
 

˪ 4310 ˫ 4311 ˬ 4312  7055
 

˭ 4313 ˮ 4314 ˯ 4315 ˰ 4316
 

˱ 4317 ˲ 4318 ˳ 4319 ˴ 4320
 

˵ 4321 ˶ 4322 ˷ 4323 ˸ 4324  6184  6287  6989
 7335  7869
 

˹ 4325 ˺ 4326 ˻ 4327 ˼ 4328 ˽ 4329 ˾ 4330 ˿ 4331
 4332  4333  4334  4335  4336  4337  4338
 4339  4340  5643  5778  5944  6348  6765
 6784  6889  7006  7065  7133  7675  7940
 8024  8174  8247  8351
 

 4341  4342  4343  4344  4345  4346  4347
 4348 ڡ 5801 ݿ 6131  6534  6552  6676  6704
 6833  8121
 

 4349  4350  4351  4352  5937 ޴ 6220  6418
 6453  6640  6849  7612  7804  7943  8284
 

 4353  4354  4355  4356  4357  4358  4359
 4360  4361  4362  4363  4364  5777  5853
 6188  6428  6726  6819  8389  8602  8653
 

 4365  4366  4367  6601
 

 4368  4369  4370  4371  4372  4373  4374
 4375  4376  4377  4378  5839 ݴ 6120  6901
 6968  7661  7785  7801
 

 4379  4380  4381 ݥ 6105  6588  6624  7330
 8632
 

 4382  4383  4384  4385  4386  4387  4388
 4389  6379  6434  6442  7022  7288  7792
 8440
 
 
t  ء 

 4390  4391  4392  4393  4394 ̡ 4401 ̢ 4402
̣ 4403 ̤ 4404  6743  6866  6961  7329  7872
 8533  8703
 
 

̥ 4405 ̦ 4406 ̧ 4407 ̨ 4408 ̩ 4409 ̪ 4410 ̫ 4411
̬ 4412 ̭ 4413 ۢ 5902 ޷ 6223  7536  7638  7849
 8544  8656
 

̮ 4414 ̯ 4415 ̰ 4416 ̱ 4417 ̲ 4418 ̳ 4419 ̴ 4420
̵ 4421 ̶ 4422 ̷ 4423 ̸ 4424 ̹ 4425 ̺ 4426 ̻ 4427
̼ 4428 ̽ 4429 ̾ 4430 ̿ 4431 ۰ 5916  7428  7694
 7867  7936
 

 4432  4433  4434  4435  4436  4437  4438
 4439  4440  4441  4442  4443  4444  5746
 6491  6628  6871  7209  7344  7906  7959
 8177  8305  8311  8442  8517
 

 4445  4446  4447  4448  4449  4450  4451
 4452  4453  4454  4455 ػ 5627  6391  6812
 7226  8750
 

 4456 ߯ 6315  7693  7711  7911
 

 4457  4458  4459  4460  7588
 

 4461  4462  4463  4464  4465  4466  4467
 4468  4469  4470  4471  4472  4473  4474
 4475  5735  6072  6709  6949  7116  7130
 8035  8151  8514
 

 4476  4477  4478  4479  4480  4481  4482
 4483  6261  6735  6757  7369  7817
 

 4484  4485  4486  4487  4488 ٬ 5712  7686
 8127  8272  8352  8448  8622  8670  8756
 

 4489  4490  4491  6138  8749
 

 4492  4493  4494 ͡ 4501 ͢ 4502 ͣ 4503 ͤ 4504
ͥ 4505 ͦ 4506 ͧ 4507  6080  6167  7035  7272
 8249  8610
 

ͨ 4508 ͩ 4509 ͪ 4510 ͫ 4511 ͬ 4512 ͭ 4513 ͮ 4514
ͯ 4515 Ͱ 4516 ͱ 4517 Ͳ 4518 ͳ 4519 ʹ 4520 ١ 5701
 5758  6077  6444  6690  6892  7737
 

͵ 4521 Ͷ 4522 ͷ 4523 ͸ 4524  7855  8727
 

͹ 4525 ͺ 4526 ͻ 4527 ͼ 4528 ͽ 4529 ; 4530 Ϳ 4531
 4532  4533  4534  4535 ܢ 6002 ݱ 6117  6143
 7842  8509
 

 4536  4537  6250  6972  7822
 

 4538  4539  4540  4541  4542  4543  7653
 

 4544  4545  4546  5759  6629  7453  7564
 

 4547  4548  4549  4550  4551  4552  4553
 4554  4555  4556  4557 ر 5617 ٢ 5702  5971
 6653  6791  7256  7350  7740  8374  8502
 8541  8630
 
 
u  ء 
û 
v  ء 
û 
w  ء 

 4558  4559  4560  4561  4562  4563  4564
 5684  7020  7580
 

 4565  4566  6543
 

 4567  4568  4569  4570  4571  4572  4573
 4574  4575  4576  4577  4578  4579  4580
 4581  4582  4583  5664 ܹ 6025  6150  7093
 7126  7194  7568  7821  8274
 

 4584  4585  4586  4587  4588  4589  4590
 4591  4592  4593  5672  6715  7394  8745
 

 4594 Ρ 4601 ΢ 4602 Σ 4603 Τ 4604 Υ 4605 Φ 4606
Χ 4607 Ψ 4608 Ω 4609 Ϊ 4610 Ϋ 4611 ά 4612 έ 4613
ή 4614 ί 4615 ΰ 4616 α 4617 β 4618 γ 4619 δ 4620
ε 4621 ζ 4622 η 4623 θ 4624 ι 4625 κ 4626 λ 4627
μ 4628 ν 4629 ξ 4630 ο 4631  4632  5743  5835
 5881  5955  6158 ޱ 6217  6488  6501  6545
 6611  6612  6739  6777  6802  6822  6952
 7024  7166  7224  7406  7631  7648  8084
 8426  8659
 

 4633  4634  4635  4636  4637  4638  4639
 4640  4641  4642  5656  6751  6775  7223
 8609
 

 4643  4644  4645  6178 ޳ 6219
 

 4646  4647  4648  4649  4650  4651  4652
 4653  4654  5733 ݫ 6111  6424  6502  6855
 7531  7750  8627
 

 4655  4656  4657  4658  4659  4660  4661
 4662  4663  4664  4665  4666  4667  4668
 4669  4670  4671  4672  4673  4674  4675
 4676  4677  4678  4679  4680  4681  4682
 4683 أ 5603  5685  5867  5889  5956  6044
 6377  6648  6668  6672  6820  6927  6935
 6992  7036  7080  7227  7485  7622  7641
 8036  8045  8077  8258  8640  8789
 
 
x  ء 

 4684  4685  4686  4687  4688  4689  4690
 4691  4692  4693  4694 ϡ 4701 Ϣ 4702 ϣ 4703
Ϥ 4704 ϥ 4705 Ϧ 4706 ϧ 4707 Ϩ 4708 ϩ 4709 Ϫ 4710
ϫ 4711 Ϭ 4712 ϭ 4713 Ϯ 4714 ϯ 4715 ϰ 4716 ϱ 4717
ϲ 4718 ϳ 4719 ϴ 4720 ϵ 4721 ϶ 4722 Ϸ 4723 ϸ 4724
 5750  5766  5884 ۭ 5913 ݾ 6130  6163  6191
 6241  6381  6567  6630  6750  6827  6832
 6979  7050  7184  7356  7456  7474  7604
 7668  7689  7691  8010  8122  8265  8303
 8312  8410  8424  8443  8449  8466  8521
 8791
 

Ϲ 4725 Ϻ 4726 ϻ 4727 ϼ 4728 Ͻ 4729 Ͼ 4730 Ͽ 4731
 4732  4733  4734  4735  4736  4737  6340
 6582  6958  7206  7252  7744  8333  8779
 

 4738  4739  4740  4741  4742  4743  4744
 4745  4746  4747  4748  4749  4750  4751
 4752  4753  4754  4755  4756  4757  4758
 4759  4760  4761  4762  4763  5794  6040
ݲ 6118 ޺ 6226  6513  6593  6963  7021  7515
 7662  7676  8034  8079  8225  8358  8444
 8503  8548  8549  8617
 

 4764  4765  4766  4767  4768  4769  4770
 4771  4772  4773  4774  4775  4776  4777
 4778  4779  4780  4781  4782  4783 ܼ 6028
 6157  6635  6652  7088  7129  8313  8663
 8747
 

 4784  4785  4786  4787  4788  4789  4790
 4791  4792  4793  4794 С 4801 Т 4802 У 4803
Ф 4804 Х 4805 Ц 4806 Ч 4807  6356  6537  6876
 6948  7071  7115  7241  7253  8367  8379
 8744
 

Ш 4808 Щ 4809 Ъ 4810 Ы 4811 Ь 4812 Э 4813 Ю 4814
Я 4815 а 4816 б 4817 в 4818 г 4819 д 4820 е 4821
ж 4822 з 4823 и 4824 й 4825 к 4826 л 4827 м 4828
 5741  5784  5936  5938 ޯ 6215 ߢ 6302  6619
 6661  6845  6912  6966  7105  7151  7331
 7339  8583
 
 

н 4829 о 4830 п 4831  4832  4833  4834  4835
 4836  4837  4838 ض 5622 ܰ 6016  7431  7607
 8646
 

 4839  4840  4841  4842  4843  4844  4845
 4846  4847  4848  4849  4850  4851  4852
 4853  5874  6084  6094 ߩ 6309  6712  7742
 

 4854  4855  4856  4857  4858  4859  4860
ܺ 6026
 

 4861  4862  4863  4864  4865  4866  4867
 4868  4869  6361  6522  6642  6651  6869
 8028  8587  8759
 

 4870  4871  4872  4873  4874  4875  4876
 4877  4878  4879  4880  4881  4882  4883
 4884  4885  4886  4887  4888 ڼ 5828  5935
ޣ 6203  6810  6851  7179  7282  7667  8167
 8458  8515
 

 4889  4890  4891  4892  4893  4894 ѡ 4901
Ѣ 4902 ѣ 4903 Ѥ 4904  5756  5846  6170  6279
 6789  6854  6886  7215  7324  7449  7637
 7651  7759  7871  7964  8071
 

ѥ 4905 Ѧ 4906 ѧ 4907 Ѩ 4908 ѩ 4909 Ѫ 4910  5842
 7720  8529  8708
 

ѫ 4911 Ѭ 4912 ѭ 4913 Ѯ 4914 ѯ 4915 Ѱ 4916 ѱ 4917
Ѳ 4918 ѳ 4919 Ѵ 4920 ѵ 4921 Ѷ 4922 ѷ 4923 Ѹ 4924
 5767  5987  6087 ަ 6206 ޹ 6225  6530  6563
 6620  6694  6813  6817  7454  8131  8524
 8664
 
 
y  ء 

ѹ 4925 Ѻ 4926 ѻ 4927 Ѽ 4928 ѽ 4929 Ѿ 4930 ѿ 4931
 4932  4933  4934  4935  4936  4937  4938
 4939  4940  5683  5975  6275  6512  6934
 7011  7180  7266  7518  7728  7793  8073
 8166
 

 4941  4942  4943  4944  4945  4946  4947
 4948  4949  4950  4951  4952  4953  4954
 4955  4956  4957  4958  4959  4960  4961
 4962  4963  4964  4965  4966  4967  4968
 4969  4970  4971  4972  4973  5641  5645
 5663 ٲ 5718  5740  5780  5861 ۱ 5917 ۳ 5919
ܾ 6030  6146  6535  6691  6738  6848  6857
 6991  7044  7192  7360  7444  7557  7645
 7827  8359  8506  8742  8748  8790
 

 4974  4975  4976  4977  4978  4979  4980
 4981  4982  4983  4984  4985  4986  4987
 4988  4989  4990  6564  6683  6783  7630
 7640  7706  8253  8717
 

 4991  4992  4993  4994 ҡ 5001 Ң 5002 ң 5003
Ҥ 5004 ҥ 5005 Ҧ 5006 ҧ 5007 Ҩ 5008 ҩ 5009 Ҫ 5010
ҫ 5011 ز 5618 س 5619 ߺ 6326  6542  6570  7159
 7182  7235  7387  7455  7540  8046  8126
 8477  8705
 

Ҭ 5012 ҭ 5013 Ү 5014 ү 5015 Ұ 5016 ұ 5017 Ҳ 5018
ҳ 5019 Ҵ 5020 ҵ 5021 Ҷ 5022 ҷ 5023 Ҹ 5024 ҹ 5025
Һ 5026  5644  5843  5894  6262  7442  7639
 7884
 

һ 5027 Ҽ 5028 ҽ 5029 Ҿ 5030 ҿ 5031  5032  5033
 5034  5035  5036  5037  5038  5039  5040
 5041  5042  5043  5044  5045  5046  5047
 5048  5049  5050  5051  5052  5053  5054
 5055  5056  5057  5058  5059  5060  5061
 5062  5063  5064  5065  5066  5067  5068
 5069  5070  5071  5072  5073  5074  5075
 5076  5077  5078  5079  5655  5670  5693
٫ 5711 ڱ 5817  5961  5992 ܲ 6018  6051 ޲ 6218
 6236  6240  6258 ߮ 6314 ߽ 6329  6355  6362
 6470  6527  6558  6602  6634  6688  6689
 6708  6884  6938  7068  7143  7376  7383
 7461  7629  7658  7838  7955  7978  8074
 8089  8115  8120  8270  8415  8464  8472
 8493  8780 t 8970 
 

 5080  5081  5082  5083  5084  5085  5086
 5087  5088  5089  5090  5091  5092  5093
 5094 ӡ 5101 ط 5623 ۴ 5920  5983 ܧ 6007  6065
 6337  6419  6594  6625  6806  7519  7887
 8111  8230  8615  8624
 

Ӣ 5102 ӣ 5103 Ӥ 5104 ӥ 5105 Ӧ 5106 ӧ 5107 Ө 5108
ө 5109 Ӫ 5110 ӫ 5111 Ӭ 5112 ӭ 5113 Ӯ 5114 ӯ 5115
Ӱ 5116 ӱ 5117 Ӳ 5118 ӳ 5119  5788 ۫ 5911  6067
ݺ 6126  6151  6186  6292  6451  6663  6862
 6875  6913  7188  7212  7326  7584  8048
 8108  8203  8331
 

Ӵ 5120  6401
 

ӵ 5121 Ӷ 5122 ӷ 5123 Ӹ 5124 ӹ 5125 Ӻ 5126 ӻ 5127
Ӽ 5128 ӽ 5129 Ӿ 5130 ӿ 5131  5132  5133  5134
 5135 ٸ 5724  5953 ܭ 6013  6415  6728  7163
 7962  8014  8711  8751
 

 5136  5137  5138  5139  5140  5141  5142
 5143  5144  5145  5146  5147  5148  5149
 5150  5151  5152  5153  5154  5155  5653
 5692 ٧ 5707 ݬ 6112 ݯ 6115 ݵ 6121  6244  6347
 6483  6922  7254  7364  7527  7880  8064
 8236  8242  8286  8647  8778  8788
 

 5156  5157  5158  5159  5160  5161  5162
 5163  5164  5165  5166  5167  5168  5169
 5170  5171  5172  5173  5174  5175  5176
 5177  5178  5179  5180  5181  5182  5183
 5184  5185  5186  5187  5188  5189  5190
 5191  5192  5193  5194 ԡ 5201 Ԣ 5202 ԣ 5203
Ԥ 5204 ԥ 5205 Ԧ 5206 خ 5614 ع 5625  5681 ٶ 5722
 5836  5845  6139  6187  6277  6484  6486
 6546  6592  6632  6637  6655  6748  6987
 6993  7005  7090  7204  7437  7476  7573
 7603  7647  7657  7659  7718  7858  8033
 8054  8085  8086  8130  8133  8266  8285
 8336  8407  8408  8607  8625
 

ԧ 5207 Ԩ 5208 ԩ 5209 Ԫ 5210 ԫ 5211 Ԭ 5212 ԭ 5213
Ԯ 5214 ԯ 5215 ԰ 5216 Ա 5217 Բ 5218 Գ 5219 Դ 5220
Ե 5221 Զ 5222 Է 5223 Ը 5224 Թ 5225 Ժ 5226  5989
ܫ 6011  6282  6768  7034  7205  7358  7528
 7783  8016  8302  8378  8629
 

Ի 5227 Լ 5228 Խ 5229 Ծ 5230 Կ 5231  5232  5233
 5234  5235  5236  5763  6914  7348  7530
 7865
 

 5237  5238  5239  5240  5241  5242  5243
 5244  5245  5246  5247  5248 ۩ 5909 ܿ 6031
 6581  6702  6719  7101  7225  7370  7432
 7521
 
 
z  ء 

 5249  5250  5251  6257  6338
 

 5252  5253  5254  5255  5256  5257  5258
 6544  7162
 

 5259  5260  5261  5262  7222  7435  8402
 8456  8485  8641
 

 5263  5264  5265  6242  7064  7416
 

 5266  5267  5268  5269  5270  5271  5272
 5273  5274  5275  5276  5277  5278  5279
 6380
 

 5280  5281  5282  5283  5638  5651  6385
 6493  6937  7430  8348  8369  8423
 

 5284
 

 5285  5858
 

 5286  5287  5288  5289  5559  7153  7421
 7832  7913
 

 5290  5291  5292  5293  5294 ա 5301 բ 5302
գ 5303 դ 5304 ե 5305 զ 5306 է 5307 ը 5308 թ 5309
 6274 ߸ 6324  6369  6378  7736  8068  8238
 8794
 

ժ 5310  2152 ի 5311 լ 5312 խ 5313 ծ 5314 կ 5315
 7746  8109
 

հ 5316 ձ 5317 ղ 5318 ճ 5319 մ 5320 յ 5321 ն 5322
շ 5323 ո 5324 չ 5325 պ 5326 ջ 5327 ռ 5328 ս 5329
վ 5330 տ 5331  5332  5862  6288  7625
 

 5333  5334  5335  5336  5337  5338  5339
 5340  5341  5342  5343  5344  5345  5346
 5347  5675 ۵ 5921  6504  6554  6615  7049
 7216  8315
 
 

 5348  5349  5350  5351  5352  5353  5354
 5355  5356  5357 گ 5815  6390  7294  7840
 8341
 

 5358  5359  5360  5361  5362  5363  5364
 5365  5366  5367 5856 ߡ 6301  7247  7392
 7761  8049  8162  8256  8487
 

 5368  5369  5370  5371  5372  5373  5374
 5375  5376  5377  5378  5379  5380  5381
 5382  5383  5958  6172  6805  7139  7269
 7327  7384  7466  7551  7562  7685  7819
 8001  8018  8380
 

 5384  5385  5386  5387  5388  5389  5390
 5391  5392  5393  5394 ֡ 5401 ֢ 5402 ֣ 5403
֤ 5404 ں 5826  6531  6571  7859  7903  8361
 

֥ 5405 ֦ 5406 ֧ 5407 ֨ 5408 ֩ 5409 ֪ 5410 ֫ 5411
֬ 5412 ֭ 5413 ֮ 5414 ֯ 5415 ְ 5416 ֱ 5417 ֲ 5418
ֳ 5419 ִ 5420 ֵ 5421 ֶ 5422 ַ 5423 ָ 5424 ֹ 5425
ֺ 5426 ֻ 5427 ּ 5428 ֽ 5429 ־ 5430 ֿ 5431  5432
 5433  5434  5435  5436  5437  5438  5439
 5440  5441  5442  5443  5444  5445  5446
 5447 ش 5620  5876 ۤ 5904  5990  6038  6293
 6489  6669  6973  6975  7079  7246  7255
 7257  7268  7382  7389  7462  7553  7589
 7677  7683  7773  7984  8026  8075  8246
 8474  8505  8537  8557  8560  8584  8603
 

 5448  5449  5450  5451  5452  5453  5454
 5455  5456  5457  5458 ڣ 5803  7981  8314
 8417  8564
 

 5459  5460  5461  5462  5463  5464  5465
 5466  5467  5468  5469  5470  5471  5472
ݧ 6107  7008  7091  7107  7548  7756  8406
 8492
 

 5473  5474  5475  5476  5477  5478  5479
 5480  5481  5482  5483  5484  5485  5486
 5487  5488  5489  5490  5491  5492  5493
 5494 ס 5501 ע 5502 ף 5503 פ 5504  5689 ٪ 5710
ۥ 5905  6049  6079  6808  6830  6883  7244
 7338  7345  7636  7889  8070  8081  8335
 8371  8422  8467  8578  8770
 

ץ 5505 צ 5506
 
i
ק 5507
 

ר 5508 ש 5509 ת 5510 ׫ 5511 ׬ 5512 ׭ 5513  6389
 6645  8207
 

׮ 5514 ׯ 5515 װ 5516 ױ 5517 ײ 5518 ׳ 5519 ״ 5520
 5755
 

׵ 5521 ׶ 5522 ׷ 5523 ׸ 5524 ׹ 5525 ׺ 5526  6723
 7077  7136
 

׻ 5527 ׼ 5528  7538  8124
 

׽ 5529 ׾ 5530 ׿ 5531  5532  5533  5534  5535
 5536  5537  5538  5539 پ 5730  5834 ߪ 6310
 6823  6835  6910  7690  7729  7977
 

 5540  5541  5542  5543  5544  5545  5546
 5547  5548  5549  5550  5551  5552  5553
 5554  5849  6549  7002  7060  7127  7287
 7402  7463  7707  7786  7937  7986  8172
 8342  8450  8484  8594  8604  8623  8686
 8758
 

 5555  5556  5557  5558  5559  5560  5561
 5744  7574  8453
 

 5562  5563  5564  5565  5833  5878 ۸ 5924
 7067  8677
 

 5566  5567  5568  5569  5570  5571  5572
 5573  5762  6147  7963
 

 5574  5575 ߬ 6312  7158  8582
 

 5576  5577  5578  5579 ީ 6209
 

 5580  5581 ߤ 6304  7355  8714
 

 5582  5583  5584  5585  5586  5587  5588
 5589  5872  6382  6684  7549  7681